31.75
12.19
39.46
37.13
41.41
17.89
45.66
32.85
25.69
10.41
28.65
25.78
25.59
25.83
25.57
25.55
25.54
25.62
25.36
25.26
25.61
25.57
25.53
25.59
25.65
25.58
25.68
3.819
28.83
22.32
25.8
25.70
25.68
25.92
26.06
25.95
26.27
26.48
26.73
26.77
26.56
26.77
26.83
26.73
8.871
29.9
26.83
26.85
26.73
26.75
26.43
26.25
26.19
25.66
25.81
25.54
25.9
25.66
25.48
25.76
21.22
25.73
25.72
25.72
25.57
25.52
25.69
25.84
25.60
25.76
25.68
25.79
25.76
25.76
25.75
25.78
10.69
29.19
26.60
35.43
37.23
37.14
16.44
40.79
39.36
40.59
39.38
39.30
36.56
11.80
36.83
37.52
38.74
41.32
7.911
31.45
41.78
41.46
41.62
41.99
14.45
