33.73
11.72
38.57
37.88
40.76
17.84
45.59
32.80
25.25
10.53
28.51
25.27
25.99
25.97
25.76
25.42
25.16
26.03
25.39
25.16
25.99
25.54
25.58
25.65
25.53
25.63
25.53
1.993
28.21
26.26
25.83
25.33
26.25
25.92
25.52
26.90
26.23
26.36
26.73
26.69
26.84
26.50
26.98
25.28
6.79
29.36
27.10
26.99
26.35
27.05
26.3
26.25
26.20
25.89
25.79
25.52
26.00
25.80
25.35
25.95
25.69
25.51
26.00
25.70
25.45
25.70
25.45
25.84
25.32
25.97
25.44
26
25.42
26.00
25.78
25.38
7.568
28.71
26.99
34.98
36.78
38
16.49
39.80
40.14
40.53
39.32
38.55
36.63
12.00
39.02
38.00
38.71
41.73
6.507
31.04
42.22
41.00
41.99
40.65
14.00
