38.33
11.85
44.09
43.98
50.24
17.46
50.18
28.2
15.14
31.11
27.42
28.71
28.19
28.26
27.86
28.2
27.93
27.75
27.72
28.12
28.00
28.13
28.12
28.13
7.299
30.85
28.12
28.84
28.31
28.13
28.00
29.03
29.03
29.03
29.67
29.34
29.54
29.46
29.05
16.40
31.86
30.00
29.67
29.35
29.03
29.03
29.03
28.13
28.13
28.12
28.13
28.83
28.14
28.30
28.13
28.12
28.12
28.12
28.13
28.00
28
28.00
28.63
28.27
28.27
28.22
28.13
28.13
5.98
28.81
29.18
42.82
42.59
42.58
6.951
45.75
46.46
47.49
44.97
42.58
16.41
44.80
43.52
46.51
20.02
35.66
48.93
48.38
48.69
21.25
