38.70
10.19
42.54
40.64
48.36
9.552
50.88
31.96
27.92
6.664
30.09
27.65
27.43
27.1
27.85
27.24
27.08
27.64
27.09
27.26
27.29
27.10
27.59
27.44
27.15
14.08
30.40
27.09
28.13
27.09
28.00
27.92
28.15
28.04
28.16
28.22
29.03
28.59
28.56
28.82
28.33
5.32
31.79
28.76
28.42
28.96
28.19
28.00
28.13
28.13
27.71
27.37
27.09
28.02
27.21
27.10
27.83
27.26
27.83
27.26
27.09
27.71
27.37
27.60
27.48
27.11
27.99
27.11
27.85
27.24
27.80
6.05
30.86
28.12
40.65
40.64
41.71
10.40
44.74
43.79
45.04
43.73
42.22
18.26
42.44
42.58
44.00
19.94
34.59
46.68
45.31
48.03
46.79
1.275
